96
6
97
56
75
21
41
21
9
80
9
47
41
6
69
67
67
73
22
6
49
2
56
53
88
78
13
51
80
79
49
73
62
13
25
24
50
28
79
34
17
32
15
5
38
32
90
13
64
38
87
70
53
34
84
78
40
85
92
90
6
31
15
73
33
24
33
14
9
6
77
85
100
37
94
93
25
14
21
22
91
92
70
65
62
90
22
46
26
74
4
1
21
86
87
58
17
93
80
67
54
74
24
32
34
44
6
46
51
0
82
28
61
36
75
70
94
88
95
92
31
67
0
58
91
51
62
50
71
47
63
32
50
4
38
66
53
68
71
88
73
2
41
36
27
53
64
65
75
42
63
63
76
72
5
32
46
57
91
89
70
24
73
21
46
30
98
30
51
38
76
81
93
90
34
54
53
48
20
71
71
81
20
23
41
28
68
65
33
85
37
34
29
80
48
78
12
45
90
65
100
71
12
32
70
100
5
82
2
30
7
84
6
90
78
31
15
75
91
60
99
17
36
75
54
4
73
46
0
39
56
66
43
92
1
41
92
76
42
93
31
76
10
66
29
21
12
31
86
55
68
32
40
78
39
43
65
41
28
12
93
41
35
66
2
28
65
26
32
51
72
40
84
57
23
97
35
44
21
15
83
16
60
27
100
89
79
89
66
18
40
35
75
79
94
83
3
83
78
3
60
27
68
81
47
21
25
54
96
78
35
84
73
37
80
59
35
98
99
36
71
14
81
53
40
22
98
56
90
60
37
60
95
1
31
83
94
49
16
92
55
20
42
22
55
63
87
56
7
38
60
33
84
78
11
18
18
54
98
99
31
3
20
90
76
99
19
90
82
96
35
82
51
1
18
11
39
31
84
64
94
10
76
29
72
77
54
52
70
69
26
54
100
54
41
85
31
18
9
42
94
17
20
55
28
20
36
46
36
21
72
77
21
49
85
70
43
54
11
28
59
8
61
12
13
88
29
13
63
89
63
96
67
64
36
36
61
11
69
14
36
4
65
80
52
40
54
100
71
90
18
56
29
47
94
14
31
92
65
14
93
23
14
61
90
65
60
86
98
13
34
48
6
96
5
86
9
38
100
90
82
47
3
81
50
11
1
54
34
23
47
72
5
68
90
39
26
99
26
30
35
76
55
75
30
95
60
80
14
10
64
81
60
30
11
36
82
63
37
7
68
15
60
55
85
87
32
55
97
83
24
75
83
66
79
15
42
60
42
33
32
26
80
53
41
29
16
61
86
39
65
87
4
0
85
17
80
34
10
34
86
16
76
98
30
13
41
53
68
77
46
25
71
21
40
75
96
6
36
83
94
68
48
90
54
73
73
24
9
71
40
16
24
98
67
72
59
93
51
61
22
79
5
4
27
55
70
66
94
15
17
40
67
3
85
50
41
88
23
64
39
100
12
74
19
59
91
59
18
100
8
16
52
24
17
89
38
33
21
86
47
98
48
96
37
92
19
33
13
80
52
39
53
100
94
49
3
34
53
6
88
53
69
79
57
2
26
7
53
44
34
96
70
90
0
0
88
73
1
28
78
84
9
59
99
30
34
61
69
97
57
36
89
65
98
32
81
79
99
41
45
82
52
99
82
32
91
16
5
50
5
62
68
97
0
47
91
72
13
45
71
7
64
79
21
8
38
36
26
85
26
7
20
60
36
36
54
25
41
39
83
48
70
18
77
89
31
37
12
95
30
16
78
16
7
20
6
48
60
26
60
2
16
50
94
3
71
55
92
64
98
38
84
24
35
4
36
19
55
27
59
12
16
94
2
44
73
22
89
43
42
100
86
86
7
22
3
18
99
85
29
18
19
16
9
9
60
91
98
9
9
64
60
85
26
33
87
10
21
69
99
34
0
31
98
97
61
43
64
94
53
16
33
50
83
1
48
82
15
30
67
80
88
30
87
49
75
19
100
65
5
71
6
37
92
27
88
25
16
30
77
33
67
84
20
5
1
36
84
72
20
35
57
3
88
29
26
5
60
91
82
30
25
52
61
58
66
55
56
88
58
23
85
76
26
77
80
5
30
89
32
20
31
76
64
73
50
26
11
51
52
53
73
30
93
11
3
91
13
10
31
66
36
37
49
23
10
40
79
60
84
73
54
10
67
53
68
83
60
47
6
18
76
0
42
39
72
20
75
66
8
67
72
31
31
2
22
27
2
34
65
53
33
64
76
44
72
9
47
26
100
58
99
53
4
21
89
9
17
22
87
9
15
78
95
33
90
61
91
65
15
13
74
51
1
99
10
8
76
87
80
57
90
55
16
80
67
29
32
8
9
59
47
0
51
17
40
56
57
37
50
52
34
29
90
82
81
85
4
35
66
10
44
77
43
55
49
92
71
22
78
5
2
50
65
61
91
52
31
86
83
11
61
83
59
16
22
39
70
89
15
24
80
40
78
19
44
51
83
12
43
88
4
45
15
50
72
11
70
17
20
51
30
92
74
17
69
7
2
92
4
28
22
82
99
15
40
58
47
92
14
59
39
98
42
84
100
68
58
13
96
13
69
58
6
96
22
16
74
71
45
72
45
29
83
65
38
17
78
14
49
69
62
25
47
43
47
65
75
89
23
3
97
14
56
5
45
32
95
71
85
11
21
24
61
24
91
96
38
73
79
15
48
59
88
48
2
87
66
75
50
24
11
21
91
85
92
95
100
45
67
14
84
46
16
83
78
55
28
79
33
5
5
38
53
5
35
43
48
0
92
98
52
31
62
80
29
28
44
18
56
23
64
34
5
64
52
9
91
78
3
89
19
54
33
43
10
43
7
27
9
97
100
94
14
92
15
20
87
79
81
48
67
10
36
2
31
19
69
63
92
19
79
34
83
18
23
93
18
78
50
96
45
68
12
77
87
66
93
26
44
3
59
25
24
53
78
13
34
70
15
5
21
96
36
14
43
9
24
3
38
91
33
20
37
1
14
11
76
10
